T = [8, 8.25, 8.5, 8.75, 9, 9.25, 9.5, 9.75, 10, 10.25, 10.5, 10.75, 11, 11.25, 11.5, 11.75, 12, 12.25, 12.5, 12.75, 13, 13.25, 13.5, 13.75, 14, 14.25, 14.5, 14.75, 15, 15.25, 15.5, 15.75, 16, 16.25, 16.5, 16.75, 17, 17.25, 17.5, 17.75, 18, 18.25, 18.5, 18.75, 19, 19.25, 19.5, 19.75, 20, 20.25]

V12 = [-0.4599, -0.2638, 0.1322, 0.1283, 0.3244, 0.3205, 0.2165, 0.1126, 0.1087, 0.0048, 0.0009, 0.0969, -0.007, 0.1891, -0.0148, -0.1187, 0.0773, 0.0734, -0.0305, -0.0344, -0.0384, 0.1577, 0.0538, 0.0499, 0.146, -0.058, 0.0381, 0.0342, 0.0303, 0.1264, -0.0776, 0.2185, 0.0146, -0.2893, -0.0933, -0.0972, -0.0011, -0.005, -0.0089, -0.0129, -0.0168, 0.0793, -0.1246, -0.0285, -0.1325, -0.1364, -0.1403, -0.1442, -0.2482, -0.1521]

V13 = [-0.022, 0.0799, -0.0181, 0.0838, 0.0858, -0.0122, 0.0897, 0.0917, 0.1936, 0.1956, 0.0976, 0.0995, 0.2015, 0.1035, 0.2054, 0.2074, 0.1093, 0.1113, 0.1133, -0.0848, 0.1172, 0.1191, 0.0211, 0.0231, 0.025, 0.027, -0.0711, -0.0691, -0.0671, -0.2652, -0.0632, -0.0613, -0.0593, -0.1573, -0.1554, -0.0534, -0.0515, -0.1495, -0.1475, -0.1456, -0.1436, -0.1416, -0.0397, -0.1377, -0.1358, -0.0338, -0.0318, -0.0299, -0.0279, -0.026]

E = [0.00487068, 0.00291609, 0.00141157, 0.00162161, 0.00354995, 0.0033929, 0.00247945, 0.00153683, 0.00235065, 0.002072, 0.00103361, 0.00147004, 0.00213514, 0.00228101, 0.00218079, 0.00252995, 0.00141719, 0.00141143, 0.00124246, 0.000968952, 0.00130592, 0.00209136, 0.000611421, 0.0005818, 0.001567, 0.000676911, 0.000854028, 0.000816311, 0.000779528, 0.0031105, 0.00105916, 0.00240085, 0.000646693, 0.00348437, 0.00191895, 0.00117349, 0.000545502, 0.00158407, 0.00156484, 0.00154791, 0.00153105, 0.00171823, 0.00138352, 0.00148907, 0.00200819, 0.00148666, 0.0015219, 0.00155795, 0.00264218, 0.00163239]

phi = [3.18945, 2.8472, -0.136211, 0.579078, 0.258831, -0.0380876, 0.393165, 0.683973, 1.05965, 1.54629, 1.56159, 0.799167, 1.60548, 0.501239, 1.64265, 2.09016, 0.955737, 0.988275, 1.83349, -1.9558, 1.8871, 0.647352, 0.37412, 0.433957, 0.169765, 2.7055, -1.07931, -1.11163, -1.14704, -1.12644, -2.45759, -0.273795, -1.32964, -2.64313, -2.11103, -2.63877, -1.59213, -1.60419, -1.631, -1.65907, -1.68714, -1.06074, -2.83283, -1.77468, -2.34336, -2.89844, -2.91847, -2.93693, -3.02953, -2.97211]
