T = [-14.3333, -14, -13.6667, -13.3333, -13, -12.6667, -12.3333, -12, -11.6667, -11.3333, -11, -10.6667, -10.3333, -10, -9.66667, -9.33333, -9, -8.66667, -8.33333, -8, -7.66667, -7.33333, -7, -6.66667, -6.33333, -6, -5.66667, -5.33333, -5, -4.66667, -4.33333, -4, -3.66667, -3.33333, -3, -2.66667, -2.33333, -2, -1.66667, -1.33333, -1, -0.666667, -0.333333, 0, 0.333333, 0.666667, 1, 1.33333, 1.66667, 2, 2.33333, 2.66667, 3, 3.33333, 3.66667, 4, 4.33333, 4.66667, 5, 5.33333, 5.66667, 6, 6.33333, 6.66667, 7, 7.33333, 7.66667, 8, 8.33333, 8.66667, 9, 9.33333, 9.66667, 10, 10.3333, 10.6667, 11, 11.3333, 11.6667, 12]

V12 = [5.2625, 1.9625, 2.3625, 2.3625, 2.2625, 1.9625, 1.9625, 1.6625, 1.1625, 1.4625, 1.4625, 1.5625, 1.7625, 1.3625, 1.4625, 2.1625, 0.6625, 1.1625, 0.7625, 0.2625, 0.7625, 0.1625, 0.7625, 0.4625, -0.0375, 0.1625, 0.1625, 0.0625, -0.3375, -0.5375, -0.1375, 0.2625, -0.6375, -0.1375, 0.4625, 0.0625, -1.1375, -1.5375, -0.8375, -1.1375, -1.2375, -0.8375, -1.2375, -1.1375, -1.3375, -0.9375, -0.9375, -0.5375, -0.7375, -1.0375, -1.0375, -1.0375, -0.5375, -0.2375, -1.0375, -1.0375, -0.4375, -1.1375, -1.0375, -0.7375, -0.6375, -0.7375, -0.5375, -1.1375, -1.1375, -0.8375, -0.8375, -0.8375, -0.8375, -0.5375, -0.7375, -0.8375, -1.5375, -0.7375, -0.8375, 0.5625, -0.6375, -0.7375, -0.6375, 0.5625]

V13 = [9.7425, 6.3425, 5.2425, 4.1425, 3.1425, 2.4425, 1.9425, 1.5425, 1.3425, 1.0425, 0.7425, 0.4425, 0.3425, 0.2425, 0.0425, -0.0575, -0.0575, -0.0575, -0.1575, -0.2575, -0.4575, -0.5575, -0.8575, -0.7575, -0.4575, -0.6575, -0.5575, -0.6575, -0.4575, -0.5575, -0.5575, -0.6575, -0.5575, -0.8575, -0.7575, -0.4575, -0.7575, -0.7575, -0.8575, -0.5575, -0.5575, -0.6575, -0.6575, -0.5575, -0.7575, -0.5575, -0.5575, -0.5575, -1.3575, -0.8575, -0.7575, -0.4575, -0.6575, -0.8575, -0.4575, -0.7575, -1.0575, -0.6575, -0.9575, -0.8575, -0.7575, -0.5575, -0.7575, -0.7575, -0.3575, -0.5575, -0.6575, -0.9575, -0.9575, -1.0575, -0.9575, 0.1425, 0.2425, -0.2575, 0.0425, -0.3575, -0.5575, -0.6575, -0.7575, -0.3575]

E = [0.0553648, 0.0331959, 0.0287512, 0.0238441, 0.0193612, 0.0156662, 0.0138064, 0.0113393, 0.00887935, 0.00898013, 0.00820093, 0.00811975, 0.00897735, 0.00691956, 0.00731559, 0.0108163, 0.00332495, 0.00581961, 0.00389298, 0.00183856, 0.0044461, 0.0029035, 0.0057374, 0.00443766, 0.00229517, 0.00338642, 0.0029035, 0.00330232, 0.00284259, 0.00387206, 0.00287103, 0.00353982, 0.00423442, 0.00434227, 0.00443766, 0.00230875, 0.00683321, 0.00856988, 0.00599315, 0.00633386, 0.00678641, 0.0053238, 0.00700663, 0.00633386, 0.00768556, 0.0054537, 0.0054537, 0.00387206, 0.00772449, 0.00672999, 0.00642303, 0.00566946, 0.00424621, 0.00444891, 0.00566946, 0.00642303, 0.00572213, 0.00656927, 0.00705906, 0.00565511, 0.00495028, 0.00462253, 0.00464412, 0.00683321, 0.00596178, 0.00503044, 0.0053238, 0.00636045, 0.00636045, 0.0059313, 0.006043, 0.00424768, 0.00778253, 0.00390581, 0.00419289, 0.00333246, 0.00423442, 0.00494017, 0.00495028, 0.00333246]

phi = [1.07554, 1.27072, 1.14741, 1.0525, 0.946794, 0.893937, 0.780277, 0.747974, 0.857131, 0.619279, 0.469782, 0.275974, 0.191934, 0.176137, 0.0290517, -0.0265833, -0.0865755, -0.0494221, -0.203693, -0.775783, -0.54042, -1.28717, -0.843973, -1.02265, -1.65258, -1.3285, -1.28717, -1.47602, -2.20638, -2.33793, -1.81261, -1.19095, -2.42304, -1.72979, -1.02265, -1.43502, -2.5541, -2.68382, -2.3444, -2.68589, -2.71832, -2.47602, -2.65321, -2.68589, -2.62628, -2.6051, -2.6051, -2.33793, -2.06846, -2.4509, -2.51094, -2.72628, -2.25611, -1.84099, -2.72628, -2.51094, -1.96307, -2.61749, -2.39627, -2.2811, -2.27038, -2.49431, -2.18792, -2.5541, -2.83708, -2.55428, -2.47602, -2.28944, -2.28944, -2.04104, -2.22712, 2.97306, 2.98516, -2.80567, 3.09089, -0.566154, -2.42304, -2.41348, -2.27038, -0.566154]
