T = [6.66667, 7, 7.33333, 7.66667, 8, 8.33333, 8.66667, 9, 9.33333, 9.66667, 10, 10.3333, 10.6667, 11, 11.3333, 11.6667, 12, 12.3333, 12.6667, 13, 13.3333, 13.6667, 14, 14.3333, 14.6667, 15, 15.3333, 15.6667, 16, 16.3333, 16.6667, 17, 17.3333, 17.6667, 18, 18.3333, 18.6667, 19, 19.3333, 19.6667, 21.3333, 21.6667, 22, 22.3333, 22.6667, 23, 23.3333, 23.6667, 24, 24.3333, 24.6667, 25, 25.3333, 25.6667, 26, 26.3333, 26.6667, 27, 27.3333, 27.6667, 28, 28.3333, 28.6667, 29, 29.3333, 29.6667, 30, 30.3333, 30.6667, 31, 32.3333, 32.6667, 33, 33.3333, 33.6667, 34, 34.3333, 34.6667, 35, 35.3333, 35.6667]

nT = [10.53, 8.3, 4.92, 2.22, -1.83, -4.74, -7.79, -12.47, -14.96, -17.52, -21.15, -21.39, -20.35, -20.62, -23.29, -22.63, -24.1, -23.13, -20.74, -16.65, -14.01, -6.15, -2.59, 1.47, 10.49, 16.19, 13.39, 14.11, 8.17, 11.84, 6.81, 12.18, 7.83, 7.92, 3.43, 2.25, 5.41, 4.73, 0.72, -0.24, 22.08, 15.07, 13.96, 10.06, 12.44, 12.38, 13.21, 13.77, 15.13, 12.91, 12.83, 12.03, 16.07, 10.73, 9.52, 9.62, 8.11, 11.89, 13.66, 15.65, 12.26, 11.54, 11.92, 12.51, 13.69, 16.03, 15.52, 15.25, 7.52, 6.59, -4.54, -11.18, -21.08, -20.89, -25.26, -35.01, -34.64, -26.75, -21.95, -19.69, -19.13]
